 -0.9999824303548916    
 -0.9998728881203576    
 -0.9995987996719107    
 -0.9990981249676676    
 -0.9983166353184074    
 -0.9972062593722220    
 -0.9957241046984072    
 -0.9938319632127550    
 -0.9914957211781061    
 -0.9886847575474295    
 -0.9853714995985203    
 -0.9815311495537401    
 -0.9771415146397057    
 -0.9721828747485818    
 -0.9666378515584165    
 -0.9604912687080203    
 -0.9537300064257611    
 -0.9463428583734029    
 -0.9383203977795929    
 -0.9296548574297401    
 -0.9203400254700124    
 -0.9103711569570043    
 -0.8997448997769401    
 -0.8884592328722570    
 -0.8765134144847053    
 -0.8639079381936905    
 -0.8506444947683502    
 -0.8367259381688688    
 -0.8221562543649804    
 -0.8069405319502176    
 -0.7910849337998483    
 -0.7745966692414834    
 -0.7574839663805136    
 -0.7397560443526947    
 -0.7214230853700989    
 -0.7024962064915271    
 -0.6829874310910792    
 -0.6629096600247806    
 -0.6422766425097595    
 -0.6211029467372264    
 -0.5994039302422429    
 -0.5771957100520458    
 -0.5544951326319325    
 -0.5313197436443756    
 -0.5076877575337166    
 -0.4836180269458411    
 -0.4591300119898323    
 -0.4342437493468025    
 -0.4089798212298887    
 -0.3833593241987304    
 -0.3574038378315322    
 -0.3311353932579768    
 -0.3045764415567140    
 -0.2777498220218243    
 -0.2506787303034832    
 -0.2233866864289669    
 -0.1958975027111002    
 -0.1682352515522075    
 -0.1404242331525602    
 -0.1124889431331866    
 -0.8445404008371088E-01
 -0.5634431304659279E-01
 -0.2818464894974569E-01
   0.000000000000000    
  0.2818464894974569E-01
  0.5634431304659279E-01
  0.8445404008371088E-01
  0.1124889431331866    
  0.1404242331525602    
  0.1682352515522075    
  0.1958975027111002    
  0.2233866864289669    
  0.2506787303034832    
  0.2777498220218243    
  0.3045764415567140    
  0.3311353932579768    
  0.3574038378315322    
  0.3833593241987304    
  0.4089798212298887    
  0.4342437493468025    
  0.4591300119898323    
  0.4836180269458411    
  0.5076877575337166    
  0.5313197436443756    
  0.5544951326319325    
  0.5771957100520458    
  0.5994039302422429    
  0.6211029467372264    
  0.6422766425097595    
  0.6629096600247806    
  0.6829874310910792    
  0.7024962064915271    
  0.7214230853700989    
  0.7397560443526947    
  0.7574839663805136    
  0.7745966692414834    
  0.7910849337998483    
  0.8069405319502176    
  0.8221562543649804    
  0.8367259381688688    
  0.8506444947683502    
  0.8639079381936905    
  0.8765134144847053    
  0.8884592328722570    
  0.8997448997769401    
  0.9103711569570043    
  0.9203400254700124    
  0.9296548574297401    
  0.9383203977795929    
  0.9463428583734029    
  0.9537300064257611    
  0.9604912687080203    
  0.9666378515584165    
  0.9721828747485818    
  0.9771415146397057    
  0.9815311495537401    
  0.9853714995985203    
  0.9886847575474295    
  0.9914957211781061    
  0.9938319632127550    
  0.9957241046984072    
  0.9972062593722220    
  0.9983166353184074    
  0.9990981249676676    
  0.9995987996719107    
  0.9998728881203576    
  0.9999824303548916    
