  0.2544780791561875E-02
  0.8434565739321106E-02
  0.1644604985438781E-01
  0.2580759809617665E-01
  0.3595710330712932E-01
  0.4646289326175799E-01
  0.5697950949412336E-01
  0.6720775429599070E-01
  0.7687962049900353E-01
  0.8575592004999034E-01
  0.9362710998126447E-01
  0.1003142786117956    
  0.1056698935802348    
  0.1095784210559246    
  0.1119568730209535    
  0.1127552567207687    
  0.1119568730209535    
  0.1095784210559246    
  0.1056698935802348    
  0.1003142786117956    
  0.9362710998126447E-01
  0.8575592004999034E-01
  0.7687962049900353E-01
  0.6720775429599070E-01
  0.5697950949412336E-01
  0.4646289326175799E-01
  0.3595710330712932E-01
  0.2580759809617665E-01
  0.1644604985438781E-01
  0.8434565739321106E-02
  0.2544780791561875E-02
