  0.5053609520786252E-04
  0.1807395644453884E-03
  0.3777466463269846E-03
  0.6326073193626335E-03
  0.9383698485423815E-03
  0.1289524082610417E-02
  0.1681142865421470E-02
  0.2108815245726633E-02
  0.2568764943794020E-02
  0.3057753410175531E-02
  0.3572892783517299E-02
  0.4111503978654693E-02
  0.4671050372114322E-02
  0.5249123454808859E-02
  0.5843449875835640E-02
  0.6451900050175737E-02
  0.7072489995433555E-02
  0.7703375233279742E-02
  0.8342838753968157E-02
  0.8989275784064136E-02
  0.9641177729702537E-02
  0.1029711695795636E-01
  0.1095573338783790E-01
  0.1161572331995513E-01
  0.1227583056008277E-01
  0.1293483966360737E-01
  0.1359157100976555E-01
  0.1424487737291678E-01
  0.1489364166481518E-01
  0.1553677555584398E-01
  0.1617321872957772E-01
  0.1680193857410386E-01
  0.1742193015946417E-01
  0.1803221639039129E-01
  0.1863184825613879E-01
  0.1921990512472777E-01
  0.1979549504809750E-01
  0.2035775505847216E-01
  0.2090585144581202E-01
  0.2143898001250387E-01
  0.2195636630531782E-01
  0.2245726582681610E-01
  0.2294096422938775E-01
  0.2340677749531401E-01
  0.2385405210603854E-01
  0.2428216520333660E-01
  0.2469052474448768E-01
  0.2507856965294977E-01
  0.2544576996546477E-01
  0.2579162697602423E-01
  0.2611567337670610E-01
  0.2641747339505826E-01
  0.2669662292745036E-01
  0.2695274966763303E-01
  0.2718551322962479E-01
  0.2739460526398143E-01
  0.2757974956648187E-01
  0.2774070217827968E-01
  0.2787725147661370E-01
  0.2798921825523816E-01
  0.2807645579381725E-01
  0.2813884991562715E-01
  0.2817631903301660E-01
  0.2818881418019236E-01
  0.2817631903301660E-01
  0.2813884991562715E-01
  0.2807645579381725E-01
  0.2798921825523816E-01
  0.2787725147661370E-01
  0.2774070217827968E-01
  0.2757974956648187E-01
  0.2739460526398143E-01
  0.2718551322962479E-01
  0.2695274966763303E-01
  0.2669662292745036E-01
  0.2641747339505826E-01
  0.2611567337670610E-01
  0.2579162697602423E-01
  0.2544576996546477E-01
  0.2507856965294977E-01
  0.2469052474448768E-01
  0.2428216520333660E-01
  0.2385405210603854E-01
  0.2340677749531401E-01
  0.2294096422938775E-01
  0.2245726582681610E-01
  0.2195636630531782E-01
  0.2143898001250387E-01
  0.2090585144581202E-01
  0.2035775505847216E-01
  0.1979549504809750E-01
  0.1921990512472777E-01
  0.1863184825613879E-01
  0.1803221639039129E-01
  0.1742193015946417E-01
  0.1680193857410386E-01
  0.1617321872957772E-01
  0.1553677555584398E-01
  0.1489364166481518E-01
  0.1424487737291678E-01
  0.1359157100976555E-01
  0.1293483966360737E-01
  0.1227583056008277E-01
  0.1161572331995513E-01
  0.1095573338783790E-01
  0.1029711695795636E-01
  0.9641177729702537E-02
  0.8989275784064136E-02
  0.8342838753968157E-02
  0.7703375233279742E-02
  0.7072489995433555E-02
  0.6451900050175737E-02
  0.5843449875835640E-02
  0.5249123454808859E-02
  0.4671050372114322E-02
  0.4111503978654693E-02
  0.3572892783517299E-02
  0.3057753410175531E-02
  0.2568764943794020E-02
  0.2108815245726633E-02
  0.1681142865421470E-02
  0.1289524082610417E-02
  0.9383698485423815E-03
  0.6326073193626335E-03
  0.3777466463269846E-03
  0.1807395644453884E-03
  0.5053609520786252E-04
