  0.3632214818455306E-03
  0.1265156556230068E-02
  0.2579049794685688E-02
  0.4217630441558855E-02
  0.6115506822117246E-02
  0.8223007957235930E-02
  0.1049824690962132E-01
  0.1290380010035127E-01
  0.1540675046655950E-01
  0.1797855156812827E-01
  0.2059423391591271E-01
  0.2323144663991027E-01
  0.2586967932721475E-01
  0.2848975474583355E-01
  0.3107355111168797E-01
  0.3360387714820773E-01
  0.3606443278078257E-01
  0.3843981024945553E-01
  0.4071551011694432E-01
  0.4287796002500773E-01
  0.4491453165363220E-01
  0.4681355499062801E-01
  0.4856433040667320E-01
  0.5015713930589954E-01
  0.5158325395204846E-01
  0.5283494679011652E-01
  0.5390549933526606E-01
  0.5478921052796287E-01
  0.5548140435655936E-01
  0.5597843651047632E-01
  0.5627769983125430E-01
  0.5637762836038471E-01
  0.5627769983125430E-01
  0.5597843651047632E-01
  0.5548140435655936E-01
  0.5478921052796287E-01
  0.5390549933526606E-01
  0.5283494679011652E-01
  0.5158325395204846E-01
  0.5015713930589954E-01
  0.4856433040667320E-01
  0.4681355499062801E-01
  0.4491453165363220E-01
  0.4287796002500773E-01
  0.4071551011694432E-01
  0.3843981024945553E-01
  0.3606443278078257E-01
  0.3360387714820773E-01
  0.3107355111168797E-01
  0.2848975474583355E-01
  0.2586967932721475E-01
  0.2323144663991027E-01
  0.2059423391591271E-01
  0.1797855156812827E-01
  0.1540675046655950E-01
  0.1290380010035127E-01
  0.1049824690962132E-01
  0.8223007957235930E-02
  0.6115506822117246E-02
  0.4217630441558855E-02
  0.2579049794685688E-02
  0.1265156556230068E-02
  0.3632214818455306E-03
