 -0.9998728881203576    
 -0.9990981249676676    
 -0.9972062593722220    
 -0.9938319632127550    
 -0.9886847575474295    
 -0.9815311495537401    
 -0.9721828747485818    
 -0.9604912687080203    
 -0.9463428583734029    
 -0.9296548574297401    
 -0.9103711569570043    
 -0.8884592328722570    
 -0.8639079381936905    
 -0.8367259381688688    
 -0.8069405319502176    
 -0.7745966692414834    
 -0.7397560443526947    
 -0.7024962064915271    
 -0.6629096600247806    
 -0.6211029467372264    
 -0.5771957100520458    
 -0.5313197436443756    
 -0.4836180269458411    
 -0.4342437493468025    
 -0.3833593241987304    
 -0.3311353932579768    
 -0.2777498220218243    
 -0.2233866864289669    
 -0.1682352515522075    
 -0.1124889431331866    
 -0.5634431304659279E-01
   0.000000000000000    
  0.5634431304659279E-01
  0.1124889431331866    
  0.1682352515522075    
  0.2233866864289669    
  0.2777498220218243    
  0.3311353932579768    
  0.3833593241987304    
  0.4342437493468025    
  0.4836180269458411    
  0.5313197436443756    
  0.5771957100520458    
  0.6211029467372264    
  0.6629096600247806    
  0.7024962064915271    
  0.7397560443526947    
  0.7745966692414834    
  0.8069405319502176    
  0.8367259381688688    
  0.8639079381936905    
  0.8884592328722570    
  0.9103711569570043    
  0.9296548574297401    
  0.9463428583734029    
  0.9604912687080203    
  0.9721828747485818    
  0.9815311495537401    
  0.9886847575474295    
  0.9938319632127550    
  0.9972062593722220    
  0.9990981249676676    
  0.9998728881203576    
