 -0.9990981249676676    
 -0.9938319632127550    
 -0.9815311495537401    
 -0.9604912687080203    
 -0.9296548574297401    
 -0.8884592328722570    
 -0.8367259381688688    
 -0.7745966692414834    
 -0.7024962064915271    
 -0.6211029467372264    
 -0.5313197436443756    
 -0.4342437493468025    
 -0.3311353932579768    
 -0.2233866864289669    
 -0.1124889431331866    
   0.000000000000000    
  0.1124889431331866    
  0.2233866864289669    
  0.3311353932579768    
  0.4342437493468025    
  0.5313197436443756    
  0.6211029467372264    
  0.7024962064915271    
  0.7745966692414834    
  0.8367259381688688    
  0.8884592328722570    
  0.9296548574297401    
  0.9604912687080203    
  0.9815311495537401    
  0.9938319632127550    
  0.9990981249676676    
