       4.338531793884445
       4.072692326783078
       3.665773260868771
       3.164451433769596
       2.620718980101599
       2.083122936601089
       1.590047191134945
       1.166218776246061
      0.8225165159179406
      0.5582979286891949
       0.365041932068879
       0.230143867987176
      0.1400461952803231
     0.08233493421839969
     0.04680896559256682
     0.02575349684145582
      0.0137199436674443
    0.007079937779902217
    0.003539413517407981
    0.001714186299713352
   0.0008042327982658885
   0.0003654953367452033
   0.0001609044640181167
   6.862603321482999e-05
   2.836124283362493e-05
   1.135996492081222e-05
     4.4110959333659e-06
   1.660826162034748e-06
   6.064250856225232e-07
   2.147543012812217e-07
   7.375978580351733e-08
   2.456826622036153e-08
   7.934727774935124e-09
   2.484154330042266e-09
   7.536332273685304e-10
   2.214525819278125e-10
   6.299397372098827e-11
   1.733497859613791e-11
   4.611159216296578e-12
   1.184834347916846e-12
   2.933847590728414e-13
   7.003039189007198e-14
   1.591369499556836e-14
   3.368460715478887e-15
   9.086108566378139e-16
   4.166408848695993e-16
   4.166408848695993e-16
   4.166408848695993e-16
   4.166408848695993e-16
  -7.532908689861536e-17
  -7.532908689861536e-17
  -7.532908689861536e-17
  -7.532908689861536e-17
  -7.532908689861536e-17
  -7.532908689861536e-17
  -7.532908689861536e-17
  -7.532908689861536e-17
  -7.532908689861536e-17
  -7.532908689861536e-17
  -7.532908689861536e-17
  -7.532908689861536e-17
  -7.532908689861536e-17
  -7.532908689861536e-17
  -7.532908689861536e-17
                       0
                       0
                       0
                       0
                       0
                       0
                       0
                       0
                       0
                       0
                       0
                       0
                       0
                       0
                       0
                       0
                       0
                       0
                       0
                       0
                       0
                       0
                       0
                       0
                       0
                       0
                       0
                       0
                       0
                       0
                       0
                       0
                       0
                       0
                       0
                       0
                       0
                       0
                       0
                       0
                       0
                       0
                       0
                       0
                       0
                       0
                       0
                       0
                       0
                       0
                       0
                       0
                       0
                       0
                       0
                       0
                       0
                       0
                       0
                       0
                       0
                       0
                       0
                       0
                       0
