      -0.116439176257138
     -0.6156141912404841
      0.1314253054709911
     0.08679098854608425
     -0.2224326776426491
     -0.1410501600381226
     -0.0931470752943703
    0.009940220320981043
     0.01988564103700102
    0.004358710483771669
      0.1562003858251765
      0.2510605411821056
      0.1657960198458082
     0.05255396757650858
       0.105135429653485
      0.0230445122987894
   -0.002215045141887292
   -0.007409203463606098
   -0.004919691767006807
  -0.0006460874402916538
     0.01392756649549896
     0.03578879391045575
     0.02363429775741433
      0.0189887106163562
     0.03798735549908638
    0.008326404180611731
    0.002377262663648994
    0.007951812100047332
    0.005279982485775751
   0.0006934032721106948
  -7.161680071892801e-05
  -0.0003351530545388699
  -0.0003720959209500045
  -0.0001480322223697648
  -1.389023451244535e-05
