    -0.01666666666666667
     0.04444444444444445
    -0.04761904761904763
     0.04444444444444446
    -0.01666666666666667
     0.07310932460800906
     0.04444444444444445
     0.05079365079365078
     0.04444444444444445
      0.1808589293602449
    -0.04761904761904763
     0.07310932460800906
     0.05079365079365072
      0.1808589293602449
     -0.3174603174603174
      0.1808589293602449
     0.05079365079365081
     0.07310932460800909
    -0.04761904761904766
      0.1808589293602449
     0.04444444444444446
     0.05079365079365081
     0.04444444444444446
     0.07310932460800909
    -0.01666666666666667
     0.04444444444444445
    -0.04761904761904762
     0.04444444444444446
    -0.01666666666666667
