      0.9999999999999991
       0.999999999999999
      0.9999999999999991
      0.9999999999999994
       0.999999999999999
      0.9999999999999994
      0.9999999999999996
                       1
       0.999999999999999
      0.9999999999999997
      0.9999999999999983
      0.9999999999999981
      0.9999999999999994
      0.9999999999999997
      0.9999999999999997
      0.9999999999999999
      0.9999999999999991
       0.999999999999999
      0.9999999999999989
      0.9999999999999993
       0.999999999999999
      0.9999999999999996
      0.9999999999999989
      0.9999999999999996
      0.9999999999999999
       1.000000000000001
      0.9999999999999993
      0.9999999999999991
      0.9999999999999997
      0.9999999999999987
      0.9999999999999993
      0.9999999999999994
      0.9999999999999997
      0.9999999999999997
      0.9999999999999996
      0.9999999999999994
       1.000000000000001
       1.000000000000001
      0.9999999999999994
      0.9999999999999994
      0.9999999999999993
      0.9999999999999996
      0.9999999999999996
      0.9999999999999996
                       1
      0.9999999999999987
      0.9999999999999994
      0.9999999999999994
      0.9999999999999991
       0.999999999999999
       1.000000000000001
      0.9999999999999994
      0.9999999999999997
      0.9999999999999994
      0.9999999999999994
                       1
                       1
                       1
      0.9999999999999996
      0.9999999999999997
      0.9999999999999996
                       1
      0.9999999999999996
      0.9999999999999997
      0.9999999999999993
                       1
      0.9999999999999996
      0.9999999999999999
      0.9999999999999996
      0.9999999999999996
      0.9999999999999994
                       1
       0.999999999999999
      0.9999999999999999
      0.9999999999999997
      0.9999999999999999
      0.9999999999999993
                       1
      0.9999999999999996
      0.9999999999999997
      0.9999999999999991
      0.9999999999999994
                       1
      0.9999999999999991
      0.9999999999999996
      0.9999999999999991
      0.9999999999999999
                       1
                       1
      0.9999999999999993
      0.9999999999999997
      0.9999999999999996
                       1
      0.9999999999999999
      0.9999999999999993
                       1
                       1
      0.9999999999999999
      0.9999999999999999
      0.9999999999999993
      0.9999999999999991
      0.9999999999999994
      0.9999999999999993
      0.9999999999999999
                       1
                       1
                       1
                       1
      0.9999999999999994
                       1
      0.9999999999999993
      0.9999999999999993
                       1
      0.9999999999999996
                       1
                       1
      0.9999999999999996
       1.000000000000001
      0.9999999999999999
      0.9999999999999999
       1.000000000000001
                       1
                       1
                       1
       1.000000000000001
      0.9999999999999997
       1.000000000000001
       1.000000000000002
                       1
