                       0
   0.0004208412466704336
   0.0008592975441808222
     0.00131609798298181
    0.001792001125132429
    0.002287796134898389
    0.002804303947444621
    0.003342378476431599
    0.003902907861294865
       0.004486815754951
    0.005095062652630281
    0.005728647262485736
    0.006388607918569825
     0.00707602403670239
    0.007792017613676362
     0.00853775477016001
    0.009314447337555275
     0.01012335448896008
     0.01096578441425743
     0.01184309603921435
     0.01275670078831827
     0.01370806439090599
     0.01469870872994974
      0.0157302137326543
     0.01680421930178766
     0.01792242728641384
     0.01908660349041783
     0.02029857971690883
      0.0215602558462561
     0.02287360194515102
     0.02424066040369668
     0.02566354809710173
     0.02714445856809504
     0.02868566422568144
     0.03028951855532368
     0.03195845833505968
     0.03369500585144626
     0.03550177110855792
     0.03738145402256045
     0.03933684659362331
     0.04137083504612861
     0.04348640192727881
     0.04568662815329707
     0.04797469499145372
     0.05035388596513841
     0.05282758866813084
     0.05539929647310204
     0.05807261011820626
     0.06085123915439955
     0.06373900323484899
     0.06673983322647767
     0.06985777212232969
     0.07309697573204094
     0.07646171312627031
     0.07995636680949084
     0.08358543259406737
     0.08735351914706876
     0.09126534717978695
     0.09532574824847879
     0.09953966313342144
      0.1039121397619962
      0.1084483306402104
      0.1131534897558477
      0.1180329689153359
      0.1230922134754541
      0.1283367574302068
      0.1337722178125936
      0.1394042883706363
      0.1452387324769274
      0.1512813752311728
      0.1575380947157536
      0.1640148123652735
      0.1707174824124347
      0.1776520803744344
      0.1848245905464469
       0.192240992471702
      0.1999072463612226
      0.2078292774405028
      0.2160129592053188
      0.2244640955745189
       0.233188401934063
      0.2421914850738067
      0.2514788220265725
      0.2610557378279286
      0.2709273822248171
      0.2810987053717118
      0.2915744325643386
      0.3023590380731028
      0.3134567181511932
      0.3248713633058014
      0.3366065299348995
      0.3486654114464736
      0.3610508089918493
      0.3737651019596411
      0.3868102183917125
      0.4001876054971579
       0.413898200454491
      0.4279424017057051
      0.4423200409584019
      0.4570303561235133
      0.4720719654259553
      0.4874428429336106
      0.5031402957560173
      0.5191609431677838
      0.5355006979127934
      0.5521547499434375
      0.5691175528442264
       0.586382813180969
      0.6039434830051443
      0.6217917557280181
      0.6399190655604314
      0.6583160906920397
      0.6769727603581811
      0.6958782659136667
      0.7150210760008348
      0.7343889558644949
      0.7539689908292869
        0.77374761391591
      0.7937106375321694
        0.81384328913337
      0.8341302507048781
      0.8545557018782987
      0.8751033664523381
      0.8957565620507005
      0.9164982526129606
      0.9373111033808962
      0.9581775380128504
      0.9790797974328578
      0.9999999999999999
