                       0
    0.004742347117261019
     0.00990882772157383
      0.0155323409109651
      0.0216473587532376
      0.0282898026009372
     0.03549686974680898
      0.0433068030850385
     0.05175859638946537
     0.06089162807814744
     0.07074521699648693
      0.0813580949170558
     0.09276779222161341
       0.105009935688916
      0.1181174605289629
      0.1321197428124856
      0.1470416632225712
       0.162902618510495
      0.1797155029884083
      0.1974856885537954
      0.2162100377235114
      0.2358759894668042
      0.2564607616961197
      0.2779307164920642
      0.3002409339145439
      0.3233350370891284
      0.3471453048347564
      0.3715930983496958
        0.39658961564902
      0.4220369721511069
      0.4478295889844273
      0.4738558534484666
                     0.5
      0.5261441465515333
      0.5521704110155726
      0.5779630278488932
      0.6034103843509799
      0.6284069016503042
      0.6528546951652436
      0.6766649629108716
      0.6997590660854562
      0.7220692835079359
      0.7435392383038802
      0.7641240105331958
      0.7837899622764887
      0.8025143114462048
      0.8202844970115916
       0.837097381489505
      0.8529583367774288
      0.8678802571875144
      0.8818825394710371
      0.8949900643110841
      0.9072322077783866
      0.9186419050829442
      0.9292547830035129
      0.9391083719218525
      0.9482414036105346
      0.9566931969149615
       0.964503130253191
      0.9717101973990627
      0.9783526412467624
      0.9844676590890349
      0.9900911722784262
      0.9952576528827389
                       1
